100 8 110 14
110 14 110 26
110 26 120 20
120 20 130 26
130 26 129 38
129 38 119 43
119 43 129 49
129 49 129 61
129 61 139 55
139 55 149 62
149 62 149 50
149 50 159 44
159 44 169 51
169 51 169 62
169 62 179 57
179 57 189 63
189 63 189 74
189 74 178 80
178 80 188 86
188 86 188 97
188 97 178 103
178 103 168 97
168 97 168 108
168 108 157 114
157 114 167 120
167 120 167 132
167 132 177 126
177 126 187 132
187 132 187 144
187 144 176 149
176 149 186 155
186 155 186 167
186 167 196 161
196 161 206 168
206 168 206 156
206 156 217 150
217 150 226 157
226 157 226 168
226 168 236 163
236 163 246 169
246 169 247 157
247 157 257 152
257 152 247 145
247 145 247 134
247 134 257 128
257 128 267 134
267 134 268 123
268 123 278 117
278 117 288 123
288 123 287 135
287 135 298 129
298 129 307 136
307 136 307 147
307 147 297 153
297 153 307 159
307 159 306 170
306 170 317 165
317 165 327 171
327 171 327 159
327 159 337 154
337 154 347 160
347 160 347 171
347 171 357 166
357 166 367 172
367 172 366 184
366 184 356 189
356 189 366 195
366 195 366 207
366 207 356 212
356 212 346 206
346 206 345 218
345 218 335 223
335 223 345 229
345 229 345 241
345 241 355 235
355 235 365 242
365 242 364 253
364 253 354 259
354 259 364 265
364 265 364 276
364 276 354 282
354 282 344 276
344 276 343 287
343 287 333 293
333 293 323 287
323 287 324 275
324 275 313 281
313 281 304 275
304 275 303 286
303 286 293 292
293 292 303 298
303 298 303 309
303 309 292 315
292 315 283 309
283 309 282 320
282 320 272 326
272 326 282 332
282 332 282 344
282 344 292 338
292 338 302 344
302 344 301 356
301 356 291 361
291 361 301 367
301 367 301 379
301 379 311 373
311 373 321 380
321 380 321 368
321 368 331 362
331 362 341 368
341 368 341 380
341 380 351 375
351 375 361 381
361 381 361 392
361 392 350 398
350 398 360 404
360 404 360 415
360 415 350 421
350 421 340 415
340 415 340 426
340 426 329 432
329 432 339 438
339 438 339 450
339 450 349 444
349 444 359 450
359 450 359 462
359 462 348 467
348 467 358 473
358 473 358 485
358 485 368 479
368 479 378 485
378 485 378 474
378 474 389 468
389 468 398 474
398 474 398 486
398 486 408 481
408 481 418 487
418 487 419 475
419 475 429 470
429 470 419 463
419 463 419 452
419 452 429 446
429 446 439 452
439 452 440 441
440 441 450 435
450 435 460 441
460 441 459 453
459 453 470 447
470 447 479 454
479 454 479 465
479 465 469 471
469 471 479 477
479 477 478 488
478 488 489 483
489 483 498 489
498 489 499 477
499 477 509 472
509 472 519 478
519 478 519 489
519 489 529 484
529 484 539 490
539 490 539 478
539 478 549 473
549 473 539 467
539 467 540 455
540 455 550 450
550 450 560 456
560 456 560 444
560 444 570 439
570 439 560 433
560 433 561 421
561 421 550 426
550 426 541 420
541 420 541 409
541 409 551 403
551 403 541 397
541 397 542 386
542 386 552 380
552 380 562 386
562 386 562 375
562 375 572 369
572 369 582 375
582 375 582 387
582 387 592 381
592 381 602 387
602 387 602 376
602 376 612 370
612 370 602 364
602 364 603 353
603 353 613 347
613 347 623 353
623 353 623 342
623 342 633 336
633 336 643 342
643 342 643 354
643 354 653 348
653 348 663 354
663 354 663 366
663 366 652 371
652 371 662 377
662 377 662 389
662 389 672 383
672 383 682 390
682 390 682 378
682 378 693 372
693 372 702 379
702 379 702 390
702 390 712 385
712 385 722 391
722 391 722 402
722 402 712 408
712 408 722 414
722 414 721 425
721 425 711 431
711 431 701 425
701 425 701 436
701 436 691 442
691 442 701 448
701 448 700 460
700 460 710 454
710 454 720 460
720 460 720 472
720 472 710 477
710 477 720 483
720 483 719 495
719 495 730 489
730 489 739 496
739 496 740 484
740 484 750 478
750 478 760 485
760 485 759 496
759 496 770 491
770 491 780 497
780 497 780 485
780 485 790 480
790 480 780 473
780 473 781 462
781 462 791 456
791 456 801 462
801 462 801 451
801 451 811 445
811 445 821 451
821 451 821 463
821 463 831 457
831 457 841 464
841 464 840 475
840 475 830 481
830 481 840 487
840 487 840 498
840 498 850 493
850 493 860 499
860 499 860 487
860 487 870 482
870 482 880 488
880 488 880 499
880 499 890 494
890 494 900 500
